# 
#             HALO2GEO Transfer
#             L1 Halo (in canonical scales)
#                 x0     = 8.2338325981938054e-01
#                 z0     = 1.1101916265649646e-02
#                 vy0    = 1.2835474817540746e-01
#                 period = 2.743837034559252
#             GEO (in canonical scales)
#                 r_arrival = 0.10968782518210198
#             Columns are (in canonical scales): time, x, y, z, vx, vy, vz
#             Canonical scales:
#                 LU = 384400.0
#                 TU = 375190.2619517228
#                 VU = 1.0245468472458976
#                 mu = 0.012150584269940354
#             
0.000000000000000000e+00 8.235199426360229058e-01 6.352031432044267720e-03 1.104183010025734830e-02 5.514882381049452872e-03 1.275441427318220744e-01 -2.421259814830233493e-03
1.499999999999999944e-02 8.236150664463359750e-01 8.261150794561139196e-03 1.100004481433664028e-02 7.166331557680698239e-03 1.269805952412063899e-01 -3.149648617460012925e-03
2.999999999999999889e-02 8.237348664268350218e-01 1.016071604656753995e-02 1.094735627465207722e-02 8.804548066835489115e-03 1.262704054882536064e-01 -3.874910394193035925e-03
4.499999999999999833e-02 8.238791216365206616e-01 1.204853465540450981e-02 1.088381673277200902e-02 1.042652610918035939e-02 1.254145583182971202e-01 -4.596328823883211873e-03
5.999999999999999778e-02 8.240475661921984329e-01 1.392243038717562269e-02 1.080948917812594653e-02 1.202930127468513841e-02 1.244142364232145720e-01 -5.313193628060638996e-03
7.499999999999999722e-02 8.242398900700325104e-01 1.578024622353613182e-02 1.072444721008758081e-02 1.360995781762382693e-02 1.232708154323110677e-01 -6.024801587084552615e-03
8.999999999999999667e-02 8.244557400173379014e-01 1.761984714119875506e-02 1.062877489349051477e-02 1.516563552559989196e-02 1.219858583720272727e-01 -6.730457474539603378e-03
1.049999999999999961e-01 8.246947202523431386e-01 1.943912298672554467e-02 1.052256667677932411e-02 1.669353676352853394e-02 1.205611108936677361e-01 -7.429474990515961934e-03
1.199999999999999956e-01 8.249563935720357621e-01 2.123599110347903704e-02 1.040592722268953406e-02 1.819093282188830388e-02 1.189984946148565370e-01 -8.121177565043276314e-03
1.350000000000000089e-01 8.252402824325947295e-01 2.300839890509118538e-02 1.027897125602663178e-02 1.965517006284674822e-02 1.173001005121364487e-01 -8.804899101485866297e-03
1.499999999999999944e-01 8.255458700067934696e-01 2.475432647028108848e-02 1.014182343051716131e-02 2.108367604456218986e-02 1.154681823274264912e-01 -9.479984679807800657e-03
1.649999999999999800e-01 8.258726016046830098e-01 2.647178877885583356e-02 9.994618115380160539e-03 2.247396468551711088e-02 1.135051484616380474e-01 -1.014579108966702503e-02
1.799999999999999933e-01 8.262198858815196223e-01 2.815883809244447769e-02 9.837499248402046745e-03 2.382364172256469514e-02 1.114135547553113392e-01 -1.080168736349615237e-02
1.950000000000000067e-01 8.265870962874319883e-01 2.981356608413809894e-02 9.670620140571826312e-03 2.513040948540477826e-02 1.091960963228098963e-01 -1.144705517304035400e-02
2.099999999999999922e-01 8.269735726169717971e-01 3.143410576771735188e-02 9.494143264945626229e-03 2.639207113148096459e-02 1.068555991077488054e-01 -1.208128911325748178e-02
2.249999999999999778e-01 8.273786224220219809e-01 3.301863358041204344e-02 9.308240097911901420e-03 2.760653520623618240e-02 1.043950120736369253e-01 -1.270379697946239124e-02
2.399999999999999911e-01 8.278015227460268077e-01 3.456537099015535852e-02 9.113090884877798545e-03 2.877181901263666658e-02 1.018173983282697204e-01 -1.331399984726456577e-02
2.550000000000000044e-01 8.282415217245974182e-01 3.607258621726297521e-02 8.908884456177209449e-03 2.988605223610652298e-02 9.912592696518689184e-02 -1.391133213865121919e-02
2.700000000000000178e-01 8.286978402666893562e-01 3.753859583318705506e-02 8.695818037413068427e-03 3.094748025295596117e-02 9.632386481567220549e-02 -1.449524159700303974e-02
2.849999999999999756e-01 8.291696739000504746e-01 3.896176597999985447e-02 8.474097021135924487e-03 3.195446653283855187e-02 9.341456789875303424e-02 -1.506518911304864129e-02
2.999999999999999889e-01 8.296561944621717588e-01 4.034051385857848754e-02 8.243934804436581221e-03 3.290549568907304850e-02 9.040147370930194659e-02 -1.562064857443226477e-02
3.150000000000000022e-01 8.301565519984102082e-01 4.167330876127357808e-02 8.005552575200693480e-03 3.379917546449957844e-02 8.728809311700450047e-02 -1.616110655060929921e-02
3.299999999999999600e-01 8.306698766231266351e-01 4.295867308889540770e-02 7.759179122306393908e-03 3.463423871637817675e-02 8.407800277014663981e-02 -1.668606193913389421e-02
3.449999999999999734e-01 8.311952803591143857e-01 4.419518345794390402e-02 7.505050676834170396e-03 3.540954565010445004e-02 8.077483794773461512e-02 -1.719502558715325924e-02
3.599999999999999867e-01 8.317318591293314523e-01 4.538147129203083663e-02 7.243410705309790212e-03 3.612408489255215793e-02 7.738228534243474233e-02 -1.768751976632499875e-02
3.750000000000000000e-01 8.322786946426945498e-01 4.651622371820647583e-02 6.974509765294843386e-03 3.677697533794581364e-02 7.390407662612469286e-02 -1.816307768260315078e-02
3.900000000000000133e-01 8.328348563740772814e-01 4.759818416638601085e-02 6.698605341086085428e-03 3.736746735992594465e-02 7.034398218232611188e-02 -1.862124289270164490e-02
4.049999999999999711e-01 8.333994035614992191e-01 4.862615276811973336e-02 6.415961677424599462e-03 3.789494362322177318e-02 6.670580526973877988e-02 -1.906156866879872569e-02
4.199999999999999845e-01 8.339713871659818478e-01 4.959898705067938840e-02 6.126849666269124257e-03 3.835892065107106980e-02 6.299337681808506173e-02 -1.948361739036038112e-02
4.349999999999999978e-01 8.345498519151260952e-01 5.051560209447718969e-02 5.831546689955537967e-03 3.875904920744123461e-02 5.921055047568171692e-02 -1.988695983648156376e-02
4.499999999999999556e-01 8.351338383070314730e-01 5.137497092386844599e-02 5.530336510194786871e-03 3.909511528484845705e-02 5.536119831928187213e-02 -2.027117451166348533e-02
4.649999999999999689e-01 8.357223846498897935e-01 5.217612484829182995e-02 5.223509166972394556e-03 3.936704103203165356e-02 5.144920703257965106e-02 -2.063584695435229446e-02
4.799999999999999822e-01 8.363145291052264119e-01 5.291815343511016567e-02 4.911360855238024528e-03 3.957488486235417185e-02 4.747847457166026047e-02 -2.098056901225071533e-02
4.949999999999999956e-01 8.369093117413405336e-01 5.360020489641639102e-02 4.594193860399126833e-03 3.971884255994562185e-02 4.345290745745879202e-02 -2.130493817332535650e-02
5.100000000000000089e-01 8.375057765966875678e-01 5.422148606307483631e-02 4.272316464467122710e-03 3.979924742924947217e-02 3.937641855360431153e-02 -2.160855687134152076e-02
5.250000000000000222e-01 8.381029737313787642e-01 5.478126242743418250e-02 3.946042873178992952e-03 3.981657058984896386e-02 3.525292544189471272e-02 -2.189103183253619800e-02
5.400000000000000355e-01 8.386999613306577173e-01 5.527885840395523748e-02 3.615693175924951375e-03 3.977142174369609900e-02 3.108634937303301690e-02 -2.215197346686301888e-02
5.549999999999999378e-01 8.392958077423190444e-01 5.571365712777764934e-02 3.281593269935897169e-03 3.966454878164236975e-02 2.688061477168021338e-02 -2.239099527779166501e-02
5.699999999999999512e-01 8.398895935799290946e-01 5.608510067909350943e-02 2.944074835339457845e-03 3.949683828124354174e-02 2.263964934461644082e-02 -2.260771335195663895e-02
5.849999999999999645e-01 8.404804138089612131e-01 5.639269012060445230e-02 2.603475298164350041e-03 3.926931541056108421e-02 1.836738476629214828e-02 -2.280174590079222380e-02
5.999999999999999778e-01 8.410673797733038137e-01 5.663598541194493630e-02 2.260137786642351689e-03 3.898314334554635330e-02 1.406775792700031870e-02 -2.297271287952658975e-02
6.149999999999999911e-01 8.416496213430696427e-01 5.681460575221525255e-02 1.914411131480780667e-03 3.863962343531187477e-02 9.744712805567865010e-03 -2.312023570527987557e-02
6.300000000000000044e-01 8.422262889119087603e-01 5.692822948480476264e-02 1.566649824415709564e-03 3.824019403268631712e-02 5.402202868356793634e-03 -2.324393706611834615e-02
6.450000000000000178e-01 8.427965554627701028e-01 5.697659433203530049e-02 1.217214006714137159e-03 3.778642972747628392e-02 1.044194053780748543e-03 -2.334344085367894006e-02
6.599999999999999201e-01 8.433596186569252140e-01 5.695949771938876860e-02 8.664694611671756560e-04 3.728004032516174515e-02 -3.325331639033324901e-03 -2.341837222733482091e-02
6.749999999999999334e-01 8.439147027429340087e-01 5.687679681308933227e-02 5.147875699136215608e-04 3.672286867774036262e-02 -7.702372143751133257e-03 -2.346835781655008668e-02
6.899999999999999467e-01 8.444610606487179538e-01 5.672840909494086120e-02 1.625453122160645759e-04 3.611688912157319520e-02 -1.208290064212098371e-02 -2.349302609654233681e-02
7.049999999999999600e-01 8.449979758786156925e-01 5.651431264538475663e-02 -1.898747789955466763e-04 3.546420458137487103e-02 -1.646286049824932304e-02 -2.349200793583933883e-02
7.199999999999999734e-01 8.455247643795695822e-01 5.623454657248264099e-02 -5.420846632543662195e-04 3.476704327727634519e-02 -2.083815976393842834e-02 -2.346493733496621964e-02
7.349999999999999867e-01 8.460407765195916419e-01 5.588921180606336303e-02 -8.936908272678775094e-04 3.402775529448023861e-02 -2.520466504790274884e-02 -2.341145240213853701e-02
7.500000000000000000e-01 8.465453987286059023e-01 5.547847150048436371e-02 -1.244294378331730266e-03 3.324880746708639562e-02 -2.955819535813521831e-02 -2.333119652746772424e-02
7.650000000000000133e-01 8.470380553105792965e-01 5.500255197270703666e-02 -1.593491118722985050e-03 3.243277829316699307e-02 -3.389451533814171608e-02 -2.322381983760987006e-02
7.800000000000000266e-01 8.475182100793110518e-01 5.446174357309063740e-02 -1.940871659930431745e-03 3.158235154655926469e-02 -3.820932834587648791e-02 -2.308898091979039169e-02
7.949999999999999289e-01 8.479853677631788988e-01 5.385640147148209461e-02 -2.286021577804229002e-03 3.070030866293532376e-02 -4.249826963587938211e-02 -2.292634878925010888e-02
8.099999999999999423e-01 8.484390755905664161e-01 5.318694701475554926e-02 -2.628521565103818756e-03 2.978952067665880180e-02 -4.675689897036749976e-02 -2.273560524759470416e-02
8.249999999999999556e-01 8.488789244110350740e-01 5.245386867694681876e-02 -2.967947659915965916e-03 2.885293824038984850e-02 -5.098069387045284923e-02 -2.251644747080814093e-02
8.399999999999999689e-01 8.493045498468793086e-01 5.165772340238056204e-02 -3.303871492494972213e-03 2.789358084644261854e-02 -5.516504277278368173e-02 -2.226859097111627897e-02
8.549999999999999822e-01 8.497156333350337487e-01 5.079913814323643723e-02 -3.635860577441775692e-03 2.691452464330008204e-02 -5.930523835964542079e-02 -2.199177296397757109e-02
8.699999999999999956e-01 8.501119026893828590e-01 4.987881105398549869e-02 -3.963478680777032283e-03 2.591888860053104607e-02 -6.339647204762947907e-02 -2.168575593022179990e-02
8.850000000000000089e-01 8.504931328144995639e-01 4.889751333144063544e-02 -4.286286214626187745e-03 2.490981957016349599e-02 -6.743382839237906101e-02 -2.135033173137532506e-02
8.999999999999999112e-01 8.508591459133745261e-01 4.785609071931522934e-02 -4.603840717974433047e-03 2.389047557161047552e-02 -7.141228099848431765e-02 -2.098532594528594586e-02
9.149999999999999245e-01 8.512098114655028969e-01 4.675546509862020528e-02 -4.915697397335491887e-03 2.286400781475268068e-02 -7.532668954947153994e-02 -2.059060251278432840e-02
9.299999999999999378e-01 8.515450461533934368e-01 4.559663650407485419e-02 -5.221409734904074000e-03 2.183354104261010439e-02 -7.917179764829139488e-02 -2.016606894827269528e-02
9.449999999999999512e-01 8.518648131109626265e-01 4.438068453080909470e-02 -5.520530187144269754e-03 2.080215272401842938e-02 -8.294223323447261209e-02 -1.971168149616595727e-02
9.599999999999999645e-01 8.521691211733261051e-01 4.310877026460609857e-02 -5.812610953517515118e-03 1.977285076070767894e-02 -8.663251010446734734e-02 -1.922745085313987135e-02
9.749999999999999778e-01 8.524580236637409048e-01 4.178213799648772958e-02 -6.097204841361415599e-03 1.874854992837694800e-02 -9.023703191883714059e-02 -1.871344804929230693e-02
9.899999999999999911e-01 8.527316166924656660e-01 4.040211657045919558e-02 -6.373866207653934579e-03 1.773204791007365611e-02 -9.375009895368756341e-02 -1.816981022998112941e-02
1.004999999999999893e+00 8.529900373880913156e-01 3.897012123938713157e-02 -6.642152007661317019e-03 1.672599961742313873e-02 -9.716591683196434959e-02 -1.759674704184588725e-02
1.020000000000000018e+00 8.532334614257105487e-01 3.748765470536043198e-02 -6.901622919394645971e-03 1.573289207195892325e-02 -1.004786089553109385e-01 -1.699454649381397162e-02
1.034999999999999920e+00 8.534621003548283902e-01 3.595630829816238300e-02 -7.151844561400079285e-03 1.475501879449069020e-02 -1.036822316016131895e-01 -1.636358098179099829e-02
1.050000000000000044e+00 8.536761985699607980e-01 3.437776305966697143e-02 -7.392388822413270034e-03 1.379445388132783876e-02 -1.067707924009471399e-01 -1.570431332592985008e-02
1.064999999999999947e+00 8.538760297181247072e-01 3.275378994446081354e-02 -7.622835226513948771e-03 1.285302843916243110e-02 -1.097382724149348343e-01 -1.501730186777251383e-02
1.080000000000000071e+00 8.540618929829416617e-01 3.108625037451180281e-02 -7.842772435553344718e-03 1.193230640453817396e-02 -1.125786514329262938e-01 -1.430320586432853695e-02
1.094999999999999973e+00 8.542341088593444764e-01 2.937709589798544185e-02 -8.051799786945788157e-03 1.103356342129364898e-02 -1.152859369497325759e-01 -1.356278978932838088e-02
1.109999999999999876e+00 8.543930146802011238e-01 2.762836741172585570e-02 -8.249528875383379395e-03 1.015776829529208176e-02 -1.178541960979437725e-01 -1.279692686977377397e-02
1.125000000000000000e+00 8.545389599238601974e-01 2.584219434189050438e-02 -8.435585263964316335e-03 9.305565603535263450e-03 -1.202775913121779394e-01 -1.200660235338146288e-02
1.139999999999999902e+00 8.546723012143395692e-01 2.402079256355225609e-02 -8.609610115887617390e-03 8.477264460462621137e-03 -1.225504179726905757e-01 -1.119291485171927843e-02
1.155000000000000027e+00 8.547933972465723285e-01 2.216646232087661830e-02 -8.771261936104803730e-03 7.672829186815448461e-03 -1.246671450092074335e-01 -1.035707727896803716e-02
1.169999999999999929e+00 8.549026035514749600e-01 2.028158533613174871e-02 -8.920218301310546549e-03 6.891875113453232483e-03 -1.266224575047668055e-01 -9.500416305761845773e-03
1.185000000000000053e+00 8.550002673057610636e-01 1.836862100733728173e-02 -9.056177481969629461e-03 6.133670685762379962e-03 -1.284112992477534354e-01 -8.624370033685095638e-03
1.199999999999999956e+00 8.550867221108470195e-01 1.643010251463314017e-02 -9.178860185985251996e-03 5.397142294952913394e-03 -1.300289178859553030e-01 -7.730485049011099480e-03
1.214999999999999858e+00 8.551622829871776688e-01 1.446863169502299838e-02 -9.288011079219874247e-03 4.680887269032293733e-03 -1.314709076802691723e-01 -6.820411149074598334e-03
1.229999999999999982e+00 8.552272415760927560e-01 1.248687357909517015e-02 -9.383400290817642611e-03 3.983191130248278818e-03 -1.327332518571114339e-01 -5.895895003043325096e-03
1.244999999999999885e+00 8.552818615398515290e-01 1.048755037163639006e-02 -9.464824883055646121e-03 3.302050002083462693e-03 -1.338123642200568786e-01 -4.958772453860777266e-03
1.260000000000000009e+00 8.553263745651640271e-01 8.473434504591540600e-03 -9.532110002490705447e-03 2.635200179163975625e-03 -1.347051246504101241e-01 -4.010958854378807517e-03
1.274999999999999911e+00 8.553609765873865234e-01 6.447341565397626817e-03 -9.585110099157793939e-03 1.980150592215455460e-03 -1.354089143634669978e-01 -3.054438733020110788e-03
1.290000000000000036e+00 8.553858246997327885e-01 4.412122468434387726e-03 -9.623709839672684938e-03 1.334221240683025394e-03 -1.359216442892112464e-01 -2.091253829929566425e-03
1.304999999999999938e+00 8.554010347085676536e-01 2.370655317808043495e-03 -9.647824814985991176e-03 6.945850182253646360e-04 -1.362417775929522790e-01 -1.123490267145495821e-03
1.319999999999999840e+00 8.554066790839502943e-01 3.258370403326057356e-04 -9.657402230999484125e-03 5.831211828502021996e-05 -1.363683495523038691e-01 -1.532650625560130265e-04
1.334999999999999964e+00 8.554027859537142175e-01 -1.719425344360821662e-03 -9.652421133949661697e-03 -5.775826186125337979e-04 -1.363009763472994296e-01 8.172881540690349811e-04
1.349999999999999867e+00 8.553893385341662103e-01 -3.762223437938859525e-03 -9.632892621616548703e-03 -1.216091930030871850e-03 -1.360398607802720816e-01 1.786033507205197785e-03
1.364999999999999991e+00 8.553662753459555512e-01 -5.799656301578375375e-03 -9.598859792774113234e-03 -1.860167599966829283e-03 -1.355857903520583940e-01 2.750847462369069088e-03
1.379999999999999893e+00 8.553334913284361685e-01 -7.828839086119853199e-03 -9.550397349682219345e-03 -2.512673454658012184e-03 -1.349401261958707021e-01 3.709632988647398356e-03
1.395000000000000018e+00 8.552908393226608119e-01 -9.846911629845264344e-03 -9.487611229550760306e-03 -3.176339360071875340e-03 -1.341047898237140712e-01 4.660333495291296702e-03
1.409999999999999920e+00 8.552381325355923325e-01 -1.185104663731956220e-02 -9.410637803891465022e-03 -3.853718737504379949e-03 -1.330822395675738956e-01 5.600945821187838618e-03
1.425000000000000044e+00 8.551751474636951622e-01 -1.383845750059385649e-02 -9.319642994218559420e-03 -4.547149581087861318e-03 -1.318754434508607465e-01 6.529532311148961848e-03
1.439999999999999947e+00 8.551016273128606571e-01 -1.580640586987932389e-02 -9.214821280379887486e-03 -5.258718764385846185e-03 -1.304878481783192101e-01 7.444232077592038109e-03
1.454999999999999849e+00 8.550172861182838702e-01 -1.775220832881229185e-02 -9.096394360000654988e-03 -5.990233168916856386e-03 -1.289233408858829755e-01 8.343270383498323228e-03
1.469999999999999973e+00 8.549218130362653545e-01 -1.967324290817843574e-02 -8.964609887028554894e-03 -6.743193982341904626e-03 -1.271862111796964734e-01 9.224967279947616020e-03
1.484999999999999876e+00 8.548148771259956868e-01 -2.156695476212136878e-02 -8.819739962331605079e-03 -7.518777736064572066e-03 -1.252811085724971074e-01 1.008774441080716525e-02
1.500000000000000000e+00 8.546961323347205264e-01 -2.343086108200158682e-02 -8.662079530715668940e-03 -8.317823449284096268e-03 -1.232129986916122716e-01 1.093013015515308800e-02
1.514999999999999902e+00 8.545652225962233617e-01 -2.526255582822467191e-02 -8.491944832096287241e-03 -9.140823228805447856e-03 -1.209871204330918854e-01 1.175076395213354302e-02
1.530000000000000027e+00 8.544217870895569611e-01 -2.705971317875893387e-02 -8.309671633011952996e-03 -9.987921105848399789e-03 -1.186089411474773730e-01 1.254839825564971548e-02
1.544999999999999929e+00 8.542654654251367052e-01 -2.882009078579762448e-02 -8.115613564755623163e-03 -1.085891485611460185e-02 -1.160841145561458954e-01 1.332189976474391045e-02
1.560000000000000053e+00 8.540959028200618697e-01 -3.054153236266799604e-02 -7.910140419398473816e-03 -1.175326288870358685e-02 -1.134184396443166931e-01 1.407024925307419523e-02
1.574999999999999956e+00 8.539127550570169145e-01 -3.222196925633598330e-02 -7.693636402569669665e-03 -1.267009681806806169e-02 -1.106178215070701132e-01 1.479253969666306096e-02
1.589999999999999858e+00 8.537156933396887748e-01 -3.385942214054184912e-02 -7.466498522940601644e-03 -1.360823522578992299e-02 -1.076882355692727888e-01 1.548797420711554851e-02
1.604999999999999982e+00 8.535044088150633979e-01 -3.545200156705376887e-02 -7.229134927885352661e-03 -1.456620285011138959e-02 -1.046356941450876793e-01 1.615586225204612009e-02
1.619999999999999885e+00 8.532786168044448338e-01 -3.699790827988010122e-02 -6.981963345641750349e-03 -1.554225130417316407e-02 -1.014662167262474213e-01 1.679561543109322694e-02
1.635000000000000009e+00 8.530380608294851896e-01 -3.849543338853603225e-02 -6.725409607925712276e-03 -1.653438117785971384e-02 -9.818580337212912124e-02 1.740674288461913771e-02
1.649999999999999911e+00 8.527825160606072874e-01 -3.994295751780665288e-02 -6.459906198785165914e-03 -1.754036727237811427e-02 -9.480041184503590346e-02 1.798884553020231244e-02
1.665000000000000036e+00 8.525117926251828404e-01 -4.133895032433469729e-02 -6.185890942054183238e-03 -1.855778294420398766e-02 -9.131593792447385838e-02 1.854161066116751660e-02
1.679999999999999938e+00 8.522257384182450046e-01 -4.268196936198971614e-02 -5.903805741093843228e-03 -1.958402600586672121e-02 -8.773819914914866847e-02 1.906480588833380646e-02
1.694999999999999840e+00 8.519242414465277857e-01 -4.397065862567463290e-02 -5.614095418097216940e-03 -2.061634458142935084e-02 -8.407292203510534356e-02 1.955827292642368584e-02
1.709999999999999964e+00 8.516072320619288982e-01 -4.520374745720133480e-02 -5.317206654164702978e-03 -2.165186188430854794e-02 -8.032573161986741872e-02 2.002192177891268937e-02
1.724999999999999867e+00 8.512746844773907418e-01 -4.638004863020592922e-02 -5.013587005093978963e-03 -2.268760137211653372e-02 -7.650214460542811845e-02 2.045572443385821823e-02
1.739999999999999991e+00 8.509266181568988507e-01 -4.749845683538380520e-02 -4.703684019757083633e-03 -2.372051021343879809e-02 -7.260756445405505688e-02 2.085970910776297274e-02
1.754999999999999893e+00 8.505630988536003745e-01 -4.855794705880062123e-02 -4.387944434990635051e-03 -2.474748195971640877e-02 -6.864727874459986001e-02 2.123395460011929040e-02
1.770000000000000018e+00 8.501842390800309346e-01 -4.955757255678566037e-02 -4.066813465274810718e-03 -2.576537800765994063e-02 -6.462645911474966531e-02 2.157858470418802868e-02
1.784999999999999920e+00 8.497901986355177462e-01 -5.049646344468430859e-02 -3.740734158122045305e-03 -2.677104748314565116e-02 -6.055016201899230538e-02 2.189376324986625280e-02
1.799999999999999822e+00 8.493811845261739490e-01 -5.137382478710324912e-02 -3.410146835175687906e-03 -2.776134588075295992e-02 -5.642333174948802044e-02 2.217968916731906034e-02
1.814999999999999947e+00 8.489574507233194067e-01 -5.218893492366440817e-02 -3.075488603243361433e-03 -2.873315202673408508e-02 -5.225080439152975098e-02 2.243659202357614277e-02
1.829999999999999849e+00 8.485192978410626141e-01 -5.294114410451055547e-02 -2.737192913100467469e-03 -2.968338382764115074e-02 -4.803731243326771899e-02 2.266472797114580870e-02
1.844999999999999973e+00 8.480670722458356625e-01 -5.362987267810653824e-02 -2.395689206725579255e-03 -3.060901219358947919e-02 -4.378749090320628590e-02 2.286437587406798741e-02
1.859999999999999876e+00 8.476011653114767785e-01 -5.425460989999814077e-02 -2.051402589673985335e-03 -3.150707388588571550e-02 -3.950588333263269081e-02 2.303583397284176756e-02
1.875000000000000000e+00 8.471220123141648406e-01 -5.481491256584514193e-02 -1.704753565323130797e-03 -3.237468288164691010e-02 -3.519694853741317520e-02 2.317941679115368553e-02
1.889999999999999902e+00 8.466300911011389596e-01 -5.531040363986135938e-02 -1.356157823834527269e-03 -3.320904018006415326e-02 -3.086506771958421810e-02 2.329545238637604002e-02
1.905000000000000027e+00 8.461259208893848749e-01 -5.574077141562731180e-02 -1.006026036238465496e-03 -3.400744304443657079e-02 -2.651455121628674277e-02 2.338427999507090155e-02
1.919999999999999929e+00 8.456100606054097746e-01 -5.610576825695285513e-02 -6.547637224131721894e-04 -3.476729235357378656e-02 -2.214964581379251854e-02 2.344624789711773072e-02
1.934999999999999831e+00 8.450831073438660468e-01 -5.640520979389366391e-02 -3.027711219743447601e-04 -3.548609940448377298e-02 -1.777454153687912236e-02 2.348171163923863658e-02
1.949999999999999956e+00 8.445456947169457385e-01 -5.663897421724457815e-02 4.955691187832185973e-05 -3.616149185794825804e-02 -1.339337830566412167e-02 2.349103251441190393e-02
1.964999999999999858e+00 8.439984909445231720e-01 -5.680700134454059330e-02 4.018309680405375887e-04 -3.679121815689708613e-02 -9.010252513281358233e-03 2.347457628098682803e-02
1.979999999999999982e+00 8.434421971473620161e-01 -5.690929226364705579e-02 7.536671590097412119e-04 -3.737315213468989789e-02 -4.629222918012908423e-03 2.343271215319797998e-02
1.994999999999999885e+00 8.428775453587232791e-01 -5.694590866620789088e-02 1.104687153427949412e-03 -3.790529615420407117e-02 -2.543164115342482845e-04 2.336581198386285252e-02
2.009999999999999787e+00 8.423052965656198099e-01 -5.691697237222256150e-02 1.454518207106394448e-03 -3.838578382290157298e-02 4.110466783062707678e-03 2.327424966192836661e-02
2.024999999999999911e+00 8.417262388068481593e-01 -5.682266516608176082e-02 1.802793209178114517e-03 -3.881288273084957524e-02 8.461148451445894489e-03 2.315840069656189409e-02
2.040000000000000036e+00 8.411411850413250679e-01 -5.666322824357084703e-02 2.149150680115269937e-03 -3.918499569202284205e-02 1.279376809412313860e-02 2.301864195823302359e-02
2.054999999999999716e+00 8.405509711850006616e-01 -5.643896215387565751e-02 2.493234808237334253e-03 -3.950066256799814046e-02 1.710437931733230915e-02 2.285535158092413116e-02
2.069999999999999840e+00 8.399564540304357285e-01 -5.615022659375631942e-02 2.834695467154301710e-03 -3.975856130587958337e-02 2.138904669541826647e-02 2.266890899566535028e-02
2.084999999999999964e+00 8.393585091288825462e-01 -5.579744011073250326e-02 3.173188221392792951e-03 -3.995750835589206851e-02 2.564384320927170710e-02 2.245969508078837773e-02
2.100000000000000089e+00 8.387580287773830356e-01 -5.538108024228676624e-02 3.508374374276710620e-03 -4.009645979514033648e-02 2.986484830185343053e-02 2.222809242975048657e-02
2.114999999999999769e+00 8.381559198618706574e-01 -5.490168321166780802e-02 3.839920974923513152e-03 -4.017451113336076990e-02 3.404814646393099914e-02 2.197448570000904572e-02
2.129999999999999893e+00 8.375531017897900332e-01 -5.435984393095900230e-02 4.167500859263015972e-03 -4.019089763129012061e-02 3.818982644005632088e-02 2.169926204889663715e-02
2.145000000000000018e+00 8.369505044034887264e-01 -5.375621604683723798e-02 4.490792702121408284e-03 -4.014499455891711033e-02 4.228598101708325174e-02 2.140281164586426560e-02
2.160000000000000142e+00 8.363490658524601606e-01 -5.309151165063665662e-02 4.809481043651982202e-03 -4.003631653142868813e-02 4.633270737643112314e-02 2.108552822120777354e-02
2.174999999999999822e+00 8.357497305328666082e-01 -5.236650144038369759e-02 5.123256370918228067e-03 -3.986451784119461605e-02 5.032610806161735145e-02 2.074780969024201185e-02
2.189999999999999947e+00 8.351534469769696933e-01 -5.158201450497554991e-02 5.431815173041684708e-03 -3.962939184050991159e-02 5.426229250184361891e-02 2.039005879385255224e-02
2.205000000000000071e+00 8.345611657785331206e-01 -5.073893815335962093e-02 5.734860012662388977e-03 -3.933087041413849821e-02 5.813737909242572277e-02 2.001268376419824968e-02
2.219999999999999751e+00 8.339738375121861225e-01 -4.983821796562909467e-02 6.032099635522167845e-03 -3.896902398462440825e-02 6.194749790142051876e-02 1.961609904003818253e-02
2.234999999999999876e+00 8.333924106671287690e-01 -4.888085734633356577e-02 6.323249042092342169e-03 -3.854406036086875653e-02 6.568879383089040735e-02 1.920072594076563041e-02
2.250000000000000000e+00 8.328178295868819969e-01 -4.786791743882530537e-02 6.608029613651947472e-03 -3.805632448736027268e-02 6.935743040195950504e-02 1.876699338596865205e-02
2.265000000000000124e+00 8.322510324078798982e-01 -4.680051681126874003e-02 6.886169231948248946e-03 -3.750629770594680890e-02 7.294959405894892168e-02 1.831533859344146656e-02
2.279999999999999805e+00 8.316929490501403510e-01 -4.567983091992712519e-02 7.157402389804123216e-03 -3.689459655228314455e-02 7.646149886741085422e-02 1.784620773076431993e-02
2.294999999999999929e+00 8.311444991510006375e-01 -4.450709189743653343e-02 7.421470359310742074e-03 -3.622197239444266414e-02 7.988939192619691487e-02 1.736005661068561884e-02
2.310000000000000053e+00 8.306065900883832231e-01 -4.328358781335211319e-02 7.678121317058602020e-03 -3.548930988911631196e-02 8.322955900636233584e-02 1.685735128189879903e-02
2.324999999999999734e+00 8.300801149863105133e-01 -4.201066210495455616e-02 7.927110508136558237e-03 -3.469762591270398461e-02 8.647833074533921305e-02 1.633856862172077332e-02
2.339999999999999858e+00 8.295659506994330634e-01 -4.068971296555420891e-02 8.168200428437247945e-03 -3.384806846438154909e-02 8.963208938345214316e-02 1.580419690266535865e-02
2.354999999999999982e+00 8.290649559331105811e-01 -3.932219230517142866e-02 8.401160969523743804e-03 -3.294191460704540969e-02 9.268727552045950835e-02 1.525473623405963416e-02
2.370000000000000107e+00 8.285779692451661349e-01 -3.790960502909007657e-02 8.625769628780019516e-03 -3.198056922992063844e-02 9.564039567833569622e-02 1.469069903918164728e-02
2.384999999999999787e+00 8.281058071761095984e-01 -3.645350788940493469e-02 8.841811683151184695e-03 -3.096556283615445673e-02 9.848802985666546550e-02 1.411261040035506273e-02
2.399999999999999911e+00 8.276492624181420732e-01 -3.495550827032661151e-02 9.049080371070109680e-03 -2.989854920369881472e-02 1.012268393132640110e-01 1.352100833932441508e-02
2.415000000000000036e+00 8.272091018844135446e-01 -3.341726308724488753e-02 9.247377118949264702e-03 -2.878130336085448285e-02 1.038535750445861161e-01 1.291644408883011949e-02
2.429999999999999716e+00 8.267860650260824285e-01 -3.184047717254218784e-02 9.436511705108750758e-03 -2.761571832427239803e-02 1.063650857117624804e-01 1.229948217945479177e-02
2.444999999999999840e+00 8.263808620146226858e-01 -3.022690187615374377e-02 9.616302481556964626e-03 -2.640380237113439457e-02 1.087583263101530029e-01 1.167070053481067751e-02
2.459999999999999964e+00 8.259941720221400940e-01 -2.857833340930232210e-02 9.786576577899205875e-03 -2.514767568256890545e-02 1.110303667523699356e-01 1.103069044832055701e-02
2.475000000000000089e+00 8.256266416730604352e-01 -2.689661093488232221e-02 9.947170073702844145e-03 -2.384956633562889186e-02 1.131783999990101097e-01 1.038005642858814449e-02
2.489999999999999769e+00 8.252788833081886599e-01 -2.518361483389053301e-02 1.009792823465860412e-02 -2.251180672088231791e-02 1.151997510819121190e-01 9.719416049504315397e-03
2.504999999999999893e+00 8.249514735693571632e-01 -2.344126452186641799e-02 1.023870567522561746e-02 -2.113682879470794862e-02 1.170918850355192747e-01 9.049399606931272239e-03
2.520000000000000018e+00 8.246449519219136715e-01 -2.167151632422462115e-02 1.036936655243816431e-02 -1.972715943652886272e-02 1.188524151428995146e-01 8.370649739307798112e-03
2.534999999999999698e+00 8.243598191736655201e-01 -1.987636126308951756e-02 1.048978477080793684e-02 -1.828541554572110303e-02 1.204791112836168798e-01 7.683820971475716771e-03
2.549999999999999822e+00 8.240965363292753754e-01 -1.805782252213595021e-02 1.059984411586860874e-02 -1.681429825024977065e-02 1.219699069276004993e-01 6.989579096298729512e-03
2.564999999999999947e+00 8.238555232162398934e-01 -1.621795305578059565e-02 1.069943845620675328e-02 -1.531658744309864241e-02 1.233229070516882186e-01 6.288600558756661692e-03
2.580000000000000071e+00 8.236371574130690876e-01 -1.435883290802886063e-02 1.078847188174316199e-02 -1.379513550779345836e-02 1.245363947663453291e-01 5.581571692143497479e-03
2.594999999999999751e+00 8.234417732762348008e-01 -1.248256647024948568e-02 1.086685883056938418e-02 -1.225286082108375044e-02 1.256088374172250610e-01 4.869187886524228674e-03
2.609999999999999876e+00 8.232696608288919693e-01 -1.059127974864931127e-02 1.093452425860931033e-02 -1.069274124541922874e-02 1.265388931799452943e-01 4.152152722621608484e-03
2.625000000000000000e+00 8.231210651098563869e-01 -8.687117379116933436e-03 1.099140371074233159e-02 -9.117806884465217213e-03 1.273254155258132236e-01 3.431176973289398052e-03
2.639999999999999680e+00 8.229961853357546930e-01 -6.772239712587335703e-03 1.103744344663440229e-02 -7.531132995833855759e-03 1.279674583170012370e-01 2.706977599070804416e-03
2.654999999999999805e+00 8.228951742528234359e-01 -4.848819770332240577e-03 1.107260053142359625e-02 -5.935832521740009096e-03 1.284642798933828822e-01 1.980276666217125735e-03
2.669999999999999929e+00 8.228181377785191986e-01 -2.919040131398501371e-03 1.109684286938900435e-02 -4.335048388401688615e-03 1.288153456566558108e-01 1.251800212787213809e-03
2.685000000000000053e+00 8.227651344070081585e-01 -9.850898343675086512e-04 1.111014930161480577e-02 -2.731945859923436224e-03 1.290203314711986515e-01 5.222771033821365380e-04
2.699999999999999734e+00 8.227361750855266553e-01 9.508388148159533900e-04 1.111250960434800351e-02 -1.129704596513225355e-03 1.290791247321820823e-01 -2.075621690879398329e-04
2.714999999999999858e+00 8.227312230372310076e-01 2.886553407918899215e-03 1.110392450918044026e-02 4.684891991713052012e-04 1.289918254138280873e-01 -9.369866793634363871e-04
2.729999999999999982e+00 8.227501936008533301e-01 4.819864646012538695e-03 1.108440572830081405e-02 2.059450725613190623e-03 1.287587467856528556e-01 -1.665266286490792993e-03
2.745000000000000107e+00 8.227929545088208396e-01 6.748589506091998320e-03 1.105397588829727142e-02 3.640004430071255587e-03 1.283804139158362112e-01 -2.391672834573640299e-03
2.759999999999999787e+00 8.228593259097014556e-01 8.670554435681538177e-03 1.101266853147436775e-02 5.206991835526217881e-03 1.278575630573484667e-01 -3.115481354228003506e-03
2.774999999999999911e+00 8.229490807489464599e-01 1.058359850242393367e-02 1.096052804397297173e-02 6.757279232248205626e-03 1.271911391879609887e-01 -3.835971236742196245e-03
2.790000000000000036e+00 8.230619452729652785e-01 1.248557646352692341e-02 1.089760956413254531e-02 8.287765106458767905e-03 1.263822927783322669e-01 -4.552427361244485229e-03
2.804999999999999716e+00 8.231975993859519392e-01 1.437436190267743323e-02 1.082397893378914643e-02 9.795387616135129913e-03 1.254323769755424089e-01 -5.264141222633559117e-03
2.819999999999999840e+00 8.233556774888604046e-01 1.624785015279682499e-02 1.073971254699307779e-02 1.127713150124056048e-02 1.243429424749939033e-01 -5.970411956358463029e-03
2.834999999999999964e+00 8.235357691272791048e-01 1.810396126523226845e-02 1.064489725142850514e-02 1.273003496528728705e-02 1.231157330519340454e-01 -6.670547347766125554e-03
2.850000000000000089e+00 8.237374198124779445e-01 1.994064290030572381e-02 1.053963021895229155e-02 1.415119625878292521e-02 1.217526801705326456e-01 -7.363864777635434691e-03
2.864999999999999769e+00 8.239601321092308028e-01 2.175587298862748098e-02 1.042401876172536698e-02 1.553777962128544653e-02 1.202558963459526564e-01 -8.049692049731847765e-03
2.879999999999999893e+00 8.242033664904891976e-01 2.354766253860698585e-02 1.029818021248796872e-02 1.688702139729034851e-02 1.186276693833474005e-01 -8.727368226616698602e-03
2.895000000000000018e+00 8.244665425882440335e-01 2.531405811540967180e-02 1.016224171987384697e-02 1.819623528564227183e-02 1.168704548883553324e-01 -9.396244308632296580e-03
2.909999999999999698e+00 8.247490403793349412e-01 2.705314429792534531e-02 1.001634006710953005e-02 1.946281739207293693e-02 1.149868690382621905e-01 -1.005568386162645177e-02
2.924999999999999822e+00 8.250502013559048997e-01 2.876304615123995503e-02 9.860621504696947398e-03 2.068425116009291881e-02 1.129796813879638956e-01 -1.070506360037521906e-02
2.939999999999999947e+00 8.253693300231635943e-01 3.044193128783400162e-02 9.695241510850131569e-03 2.185811126572666241e-02 1.108518064224714855e-01 -1.134377379177528913e-02
2.955000000000000071e+00 8.257056951678056755e-01 3.208801213420836573e-02 9.520364617726380374e-03 2.298206780753289658e-02 1.086062960869959015e-01 -1.197121867657763294e-02
2.969999999999999751e+00 8.260585313610805391e-01 3.369954788893955028e-02 9.336164188680884379e-03 2.405388968798111149e-02 1.062463314968014327e-01 -1.258681674420012754e-02
2.984999999999999876e+00 8.264270405200543346e-01 3.527484629803920996e-02 9.142822187406937293e-03 2.507144747984066738e-02 1.037752146012375781e-01 -1.319000090951545807e-02
3.000000000000000000e+00 8.268103933300788855e-01 3.681226561391822555e-02 8.940528994096651888e-03 2.603271653659212925e-02 1.011963605165571711e-01 -1.378021869610214500e-02
3.014999999999999680e+00 8.272077309576548743e-01 3.831021602309465229e-02 8.729483152175461155e-03 2.693577887289716130e-02 9.851328901842541785e-02 -1.435693222250693409e-02
3.029999999999999805e+00 8.276181666029019945e-01 3.976716125591027440e-02 8.509891166179055222e-03 2.777882530859914281e-02 9.572961686358098798e-02 -1.491961820284821473e-02
3.044999999999999929e+00 8.280407871242724260e-01 4.118162004667001719e-02 8.281967290538832030e-03 2.856015718001998077e-02 9.284905010760953481e-02 -1.546776786322538733e-02
3.060000000000000053e+00 8.284746547873623745e-01 4.255216721718125400e-02 8.045933287432959283e-03 2.927818719967765701e-02 8.987537632334018090e-02 -1.600088672916396074e-02
3.074999999999999734e+00 8.289188088450734071e-01 4.387743508652663244e-02 7.802018244835224117e-03 2.993144085823979880e-02 8.681245769912469823e-02 -1.651849446424716317e-02
3.089999999999999858e+00 8.293722673006620472e-01 4.515611437681545798e-02 7.550458345652899875e-03 3.051855673240974273e-02 8.366422388791024123e-02 -1.702012455534067728e-02
3.104999999999999982e+00 8.298340286002465760e-01 4.638695516503395233e-02 7.291496663064711385e-03 3.103828680610472984e-02 8.043466546827178487e-02 -1.750532399319811375e-02
3.120000000000000107e+00 8.303030732877447750e-01 4.756876793211848448e-02 7.025382979781697769e-03 3.148949686838212192e-02 7.712782790223866869e-02 -1.797365295200571353e-02
3.134999999999999787e+00 8.307783657788923026e-01 4.870042408257151817e-02 6.752373565639712902e-03 3.187116583108024620e-02 7.374780554147160327e-02 -1.842468434458141568e-02
3.149999999999999911e+00 8.312588560012685868e-01 4.978085684353960455e-02 6.472731011409526766e-03 3.218238566510998877e-02 7.029873646203256554e-02 -1.885800345291578986e-02
3.165000000000000036e+00 8.317434811042613285e-01 5.080906183308940560e-02 6.186724040389746451e-03 3.242236061773104416e-02 6.678479752089912236e-02 -1.927320748688063357e-02
3.179999999999999716e+00 8.322311671531963384e-01 5.178409747124916584e-02 5.894627320749305094e-03 3.259040606740205848e-02 6.321019989445723908e-02 -1.966990512574607469e-02
3.194999999999999840e+00 8.327208307517721675e-01 5.270508572761587601e-02 5.596721320377955750e-03 3.268594784928205432e-02 5.957918528756135645e-02 -2.004771612990741136e-02
3.209999999999999964e+00 8.332113807234513558e-01 5.357121230010499641e-02 5.293292121197547447e-03 3.270852046884338560e-02 5.589602239523725619e-02 -2.040627087304195536e-02
3.225000000000000089e+00 8.337017197119540590e-01 5.438172710724207409e-02 4.984631273217533451e-03 3.265776573525403653e-02 5.216500405297642279e-02 -2.074520995798461581e-02
3.239999999999999769e+00 8.341907457791141178e-01 5.513594471753160281e-02 4.671035650218455931e-03 3.253343111005483484e-02 4.839044485496710873e-02 -2.106418385184988945e-02
3.254999999999999893e+00 8.346773539819500876e-01 5.583324442501950979e-02 4.352807285983239030e-03 3.233536732940487518e-02 4.457667919872450313e-02 -2.136285251388244169e-02
3.270000000000000018e+00 8.351604378979099463e-01 5.647307080646044725e-02 4.030253255219226095e-03 3.206352659710463154e-02 4.072805998837274871e-02 -2.164088514396881116e-02
3.284999999999999698e+00 8.356388911342659265e-01 5.705493382247928125e-02 3.703685523516377781e-03 3.171795983235169841e-02 3.684895771200855791e-02 -2.189795992447227460e-02
3.299999999999999822e+00 8.361116087808797559e-01 5.757840905258290731e-02 3.373420812870225362e-03 3.129881390989799200e-02 3.294376006042677024e-02 -2.213376385145515018e-02
3.314999999999999947e+00 8.365774888412808030e-01 5.804313816310558566e-02 3.039780484461072560e-03 3.080632892842779386e-02 2.901687208829777792e-02 -2.234799267268996678e-02
3.330000000000000071e+00 8.370354335880606511e-01 5.844882888836658991e-02 2.703090388280832406e-03 3.024083449873053026e-02 2.507271671446489186e-02 -2.254035084858324947e-02
3.344999999999999751e+00 8.374843508925227109e-01 5.879525551797610411e-02 2.363680746279770133e-03 2.960274639075199943e-02 2.111573580111756124e-02 -2.271055167565337249e-02
3.359999999999999876e+00 8.379231554893983303e-01 5.908225915378018805e-02 2.021886015309841151e-03 2.889256245753814983e-02 1.715039160053812017e-02 -2.285831748640855532e-02
3.375000000000000000e+00 8.383507701516941246e-01 5.930974786920868713e-02 1.678044740213770984e-03 2.811085807377861762e-02 1.318116854660044378e-02 -2.298337994891326910e-02
3.389999999999999680e+00 8.387661268581149132e-01 5.947769734165054417e-02 1.332499426990665925e-03 2.725828163069916876e-02 9.212575571957908743e-03 -2.308548055896601087e-02
3.404999999999999805e+00 8.391681678120403998e-01 5.958615097810713440e-02 9.855963760696754422e-04 2.633554897505543252e-02 5.249148565173854253e-03 -2.316437119425599975e-02
3.419999999999999929e+00 8.395558464232178997e-01 5.963522044001870470e-02 6.376855274578964016e-04 2.534343776898645428e-02 1.295453233015401474e-03 -2.321981486636741712e-02
3.435000000000000053e+00 8.399281282110782065e-01 5.962508622315330908e-02 2.891202917859624945e-04 2.428278124340126423e-02 -2.643911756864229801e-03 -2.325158664308302897e-02
3.449999999999999734e+00 8.402839915373802038e-01 5.955599791493514789e-02 -5.974265021477835277e-05 2.315446114361011457e-02 -6.564311651934043833e-03 -2.325947466556737425e-02
3.464999999999999858e+00 8.406224283334065017e-01 5.942827504610680156e-02 -4.085435400673415778e-04 2.195940043619129187e-02 -1.046107207715644624e-02 -2.324328144611438260e-02
3.479999999999999982e+00 8.409424446266149378e-01 5.924230754604449534e-02 -7.569197753108490448e-04 2.069855505235796561e-02 -1.432947567522901977e-02 -2.320282526511621007e-02
3.494999999999999662e+00 8.412430609587092656e-01 5.899855636501281225e-02 -1.104506158284522532e-03 1.937290511110359090e-02 -1.816475873338216016e-02 -2.313794176686082699e-02
3.509999999999999787e+00 8.415233127289062365e-01 5.869755443732709022e-02 -1.450935162925370012e-03 1.798344544366680189e-02 -2.196210769484385067e-02 -2.304848583402807280e-02
3.524999999999999911e+00 8.417822502739757962e-01 5.833990714205083972e-02 -1.795837247011942365e-03 1.653117531248879390e-02 -2.571665626177087674e-02 -2.293433350495750755e-02
3.540000000000000036e+00 8.420189388996809354e-01 5.792629333498847122e-02 -2.138841179267487406e-03 1.501708749154090534e-02 -2.942348242364716329e-02 -2.279538422678542564e-02
3.554999999999999716e+00 8.422324586901939192e-01 5.745746618396500166e-02 -2.479574410535455471e-03 1.344215650234412834e-02 -3.307760605328175646e-02 -2.263156324709332187e-02
3.569999999999999840e+00 8.424219041069263003e-01 5.693425385830013646e-02 -2.817663480446575951e-03 1.180732631566274761e-02 -3.667398718075538799e-02 -2.244282409940677112e-02
3.584999999999999964e+00 8.425863834908462469e-01 5.635756076041342766e-02 -3.152734460543995219e-03 1.011349706066949107e-02 -4.020752449516920568e-02 -2.222915147147504558e-02
3.599999999999999645e+00 8.427250182515816368e-01 5.572836816625933304e-02 -3.484413444319301410e-03 8.361511407626025238e-03 -4.367305510116555045e-02 -2.199056398577952862e-02
3.614999999999999769e+00 8.428369419185298694e-01 5.504773523917005917e-02 -3.812327076858255340e-03 6.552140210949137199e-03 -4.706535487706259985e-02 -2.172711725474545455e-02
3.629999999999999893e+00 8.429212989667154154e-01 5.431680008577111085e-02 -4.136103137837948002e-03 4.686067429210630936e-03 -5.037913984152597030e-02 -2.143890710242682407e-02
3.645000000000000018e+00 8.429772433656308461e-01 5.353678032512878410e-02 -4.455371160604954320e-03 2.763875273268553024e-03 -5.360906900107130502e-02 -2.112607260527843769e-02
3.659999999999999698e+00 8.430039369712568620e-01 5.270897423803051762e-02 -4.769763113971226334e-03 7.860282736249022805e-04 -5.674974803858436750e-02 -2.078879951454085107e-02
3.674999999999999822e+00 8.430005476219577520e-01 5.183476135777104893e-02 -5.078914123187435424e-03 -1.247142152893430684e-03 -5.979573476924156944e-02 -2.042732340830607715e-02
3.689999999999999947e+00 8.429662470325784973e-01 5.091560306247144840e-02 -5.382463233824865377e-03 -3.335453031992943393e-03 -6.274154595714089011e-02 -2.004193280631488133e-02
3.705000000000000071e+00 8.429002084512492443e-01 4.995304342188368329e-02 -5.680054248197677173e-03 -5.478885692405476883e-03 -6.558166561751291312e-02 -1.963297243530195274e-02
3.719999999999999751e+00 8.428016040861981972e-01 4.894870926049153803e-02 -5.971336566944001993e-03 -7.677599777029900721e-03 -6.831055519589743219e-02 -1.920084586699432466e-02
3.734999999999999876e+00 8.426696023250204171e-01 4.790431064621256119e-02 -6.255966106884873305e-03 -9.931947670006855550e-03 -7.092266519138371028e-02 -1.874601831213172295e-02
3.750000000000000000e+00 8.425033647304472906e-01 4.682164095208119631e-02 -6.533606247734147394e-03 -1.224248746480673805e-02 -7.341244862937081062e-02 -1.826901894291387343e-02
3.764999999999999680e+00 8.423020429062018088e-01 4.570257647781154897e-02 -6.803928779336008807e-03 -1.460999389251935177e-02 -7.577437599850139760e-02 -1.777044262075798062e-02
3.779999999999999805e+00 8.420647751116007163e-01 4.454907641890439723e-02 -7.066614939422274921e-03 -1.703546921393468694e-02 -7.800295194412167066e-02 -1.725095162600656651e-02
3.794999999999999929e+00 8.417906828351757742e-01 4.336318192522840842e-02 -7.321356398052297938e-03 -1.952015042750599935e-02 -8.009273316164794432e-02 -1.671127631425152124e-02
3.810000000000000053e+00 8.414788672257671465e-01 4.214701526232787071e-02 -7.567856287718001743e-03 -2.206551525595819990e-02 -8.203834756494106373e-02 -1.615221545459272559e-02
3.824999999999999734e+00 8.411284053878186340e-01 4.090277875196545593e-02 -7.805830257578734964e-03 -2.467328598690861005e-02 -8.383451476879294484e-02 -1.557463595645769937e-02
3.839999999999999858e+00 8.407383468209396193e-01 3.963275293051046755e-02 -8.035007432429786683e-03 -2.734542909210097017e-02 -8.547606657812166497e-02 -1.497947144022912166e-02
3.854999999999999982e+00 8.403077096547466596e-01 3.833929501004237905e-02 -8.255131454707537869e-03 -3.008415387485870174e-02 -8.695796874476950655e-02 -1.436772054253400085e-02
3.869999999999999662e+00 8.398354770936654612e-01 3.702483655698055043e-02 -8.465961414551968420e-03 -3.289190661442062402e-02 -8.827534213898982629e-02 -1.374044399269650461e-02
3.884999999999999787e+00 8.393205939830975515e-01 3.569188093737445805e-02 -8.667272731860945281e-03 -3.577136182333043313e-02 -8.942348338707986621e-02 -1.309876092355685522e-02
3.899999999999999911e+00 8.387619633069649527e-01 3.434300077480355318e-02 -8.858858065244628113e-03 -3.872541135124642209e-02 -9.039788574760683482e-02 -1.244384457386966784e-02
3.915000000000000036e+00 8.381584432239084226e-01 3.298083457289516240e-02 -9.040528008634798537e-03 -4.175714868003545938e-02 -9.119425711413221836e-02 -1.177691673621679772e-02
3.929999999999999716e+00 8.375088440560720660e-01 3.160808354461090014e-02 -9.212111821681856494e-03 -4.486985175924591146e-02 -9.180853767795890685e-02 -1.109924178376952945e-02
3.944999999999999840e+00 8.368119256495742952e-01 3.022750800741212315e-02 -9.373458024764561372e-03 -4.806696242158227383e-02 -9.223691506738330992e-02 -1.041211978162980348e-02
3.959999999999999964e+00 8.360663952499123308e-01 2.884192342450619950e-02 -9.524434818601476560e-03 -5.135206306709740737e-02 -9.247583598860752152e-02 -9.716878906600749308e-03
3.974999999999999645e+00 8.352709053430824593e-01 2.745419666182999374e-02 -9.664930532491270224e-03 -5.472885218184129347e-02 -9.252201690315502158e-02 -9.014867475365418228e-03
3.989999999999999769e+00 8.344240523005735932e-01 2.606724171624802064e-02 -9.794853794023684543e-03 -5.820111724389779445e-02 -9.237244942899895672e-02 -8.307445346282820234e-03
4.004999999999999893e+00 8.335243752146953566e-01 2.468401561415177123e-02 -9.914133650944088882e-03 -6.177270717586816340e-02 -9.202440338025998090e-02 -7.595975154073413352e-03
4.019999999999999574e+00 8.325703550531863284e-01 2.330751431160667936e-02 -1.002271959215122153e-02 -6.544750398674265002e-02 -9.147542665004125551e-02 -6.881813274507460679e-03
4.035000000000000142e+00 8.315604146137609565e-01 2.194076841609968881e-02 -1.012058130388824272e-02 -6.922939441673853223e-02 -9.072333965104531495e-02 -6.166300876359219994e-03
4.049999999999999822e+00 8.304929184396971920e-01 2.058683927952034698e-02 -1.020770845164713746e-02 -7.312224224470197098e-02 -8.976622826547647760e-02 -5.450754997113618598e-03
4.064999999999999503e+00 8.293661734640536132e-01 1.924881503801213409e-02 -1.028411021877876502e-02 -7.712986166687112177e-02 -8.860243171002014917e-02 -4.736459959037640256e-03
4.080000000000000071e+00 8.281784300165107027e-01 1.792980690494389018e-02 -1.034981473014969650e-02 -8.125599271562655712e-02 -8.723052728581728865e-02 -4.024659307827903668e-03
4.094999999999999751e+00 8.269278828997673747e-01 1.663294579765827938e-02 -1.040486845094002952e-02 -8.550427830875598212e-02 -8.564931316613781653e-02 -3.316548020493797957e-03
4.109999999999999432e+00 8.256126732282902392e-01 1.536137910437672741e-02 -1.044933533019834666e-02 -8.987824483536829834e-02 -8.385778673629906699e-02 -2.613265794520774725e-03
4.125000000000000000e+00 8.242308901708466085e-01 1.411826790973187522e-02 -1.048329596899152602e-02 -9.438128518919836063e-02 -8.185512214351682581e-02 -1.915890789612514434e-03
4.139999999999999680e+00 8.227805730433226383e-01 1.290678452222208429e-02 -1.050684665946614339e-02 -9.901664530443075873e-02 -7.964064540334932218e-02 -1.225434278308733986e-03
4.155000000000000249e+00 8.212597137323531804e-01 1.173011036901223068e-02 -1.052009830491103248e-02 -1.037874150071484841e-01 -7.721380790303000730e-02 -5.428365076491602215e-04
4.169999999999999929e+00 8.196662588926353354e-01 1.059143434781166862e-02 -1.052317538549145740e-02 -1.086965214548579473e-01 -7.457415990835658537e-02 1.310370394671373211e-04
4.184999999999999609e+00 8.179981125529357522e-01 9.493951525518946541e-03 -1.051621477312389072e-02 -1.137467276566457297e-01 -7.172132290713852110e-02 7.953978691337677646e-04
4.200000000000000178e+00 8.162531385387177263e-01 8.440862279056287124e-03 -1.049936457520446453e-02 -1.189406342299256930e-01 -6.865496270496265763e-02 1.449536011067244527e-03
4.214999999999999858e+00 8.144291627845375858e-01 7.435371840744346185e-03 -1.047278297192952810e-02 -1.242806846243375563e-01 -6.537476294307169311e-02 2.092820803544859568e-03
4.229999999999999538e+00 8.125239757714310951e-01 6.480690203488261719e-03 -1.043663699230098184e-02 -1.297691749731968713e-01 -6.188039974995217934e-02 2.724700265116413670e-03
4.245000000000000107e+00 8.105353345188897052e-01 5.580032431486173575e-03 -1.039110137233162541e-02 -1.354082661772984530e-01 -5.817151783211774868e-02 3.344700265557152587e-03
4.259999999999999787e+00 8.084609645503534336e-01 4.736619295979411191e-03 -1.033635738608576320e-02 -1.411999999970914021e-01 -5.424770829982373394e-02 3.952422537197792032e-03
4.274999999999999467e+00 8.062985615854079136e-01 3.953678216325912445e-03 -1.027259172217040092e-02 -1.471463178870958399e-01 -5.010848882186368092e-02 4.547542023393342722e-03
4.290000000000000036e+00 8.040457927780620961e-01 3.234444531621564860e-03 -1.019999542303766729e-02 -1.532490820936432130e-01 -4.575328546237239502e-02 5.129804028248485109e-03
4.304999999999999716e+00 8.017002978439705663e-01 2.582162956960709719e-03 -1.011876284101742574e-02 -1.595100997558129285e-01 -4.118141771559793995e-02 5.699020302960448349e-03
4.320000000000000284e+00 7.992596896345584012e-01 2.000089297927468753e-03 -1.002909068050702492e-02 -1.659311485634926697e-01 -3.639208550425940963e-02 6.255065179448635396e-03
4.334999999999999964e+00 7.967215543527426114e-01 1.491492343214200844e-03 -9.931177088463378350e-03 -1.725140046415145623e-01 -3.138435882213070488e-02 6.797871240939831056e-03
4.349999999999999645e+00 7.940834514474625072e-01 1.059655817872871050e-03 -9.825220815355771575e-03 -1.792604717860005192e-01 -2.615717063464704714e-02 7.327424561832310626e-03
4.365000000000000213e+00 7.913429128534323898e-01 7.078805512011628704e-04 -9.711420447595335917e-03 -1.861724124683003800e-01 -2.070931132729594490e-02 7.843760174143362893e-03
4.379999999999999893e+00 7.884974419526153966e-01 4.394865857514241984e-04 -9.589973709856848549e-03 -1.932517798741359427e-01 -1.503942676948618815e-02 8.346957060273180878e-03
4.394999999999999574e+00 7.855445119689797862e-01 2.578153400255715527e-04 -9.461076845039691555e-03 -2.005006510504050710e-01 -9.146018451248199080e-03 8.837133312586804151e-03
4.410000000000000142e+00 7.824815637564026538e-01 1.662318303904586532e-04 -9.324924056441877274e-03 -2.079212618938642565e-01 -3.027445727795285545e-03 9.314441359114676924e-03
4.424999999999999822e+00 7.793060032982381813e-01 1.681266590515251823e-04 -9.181707039732266845e-03 -2.155160419412354700e-01 3.318068569917850732e-03 9.779063049008104164e-03
4.439999999999999503e+00 7.760151984046548268e-01 2.669181023865798948e-04 -9.031614567399618917e-03 -2.232876516919445886e-01 9.892431282449012236e-03 1.023120508477542122e-02
4.455000000000000071e+00 7.726064749935636078e-01 4.660539615626462027e-04 -8.874832152537447116e-03 -2.312390204229377022e-01 1.669766911101891460e-02 1.067109443026152855e-02
4.469999999999999751e+00 7.690771128745912399e-01 7.690132078213783020e-04 -8.711541785805186275e-03 -2.393733846442159252e-01 2.373591662592445736e-02 1.109897391588360316e-02
4.484999999999999432e+00 7.654243406221524770e-01 1.179307633497522767e-03 -8.541921713678308353e-03 -2.476943301924662832e-01 3.100940261758547770e-02 1.151509807391581236e-02
4.500000000000000000e+00 7.616453302391523739e-01 1.700483009113458932e-03 -8.366146309125138333e-03 -2.562058331680739376e-01 3.852043348326619765e-02 1.191972906186681246e-02
4.514999999999999680e+00 7.577371908784695798e-01 2.336120178088993329e-03 -8.184385978578396018e-03 -2.649123047875550641e-01 4.627137501365177763e-02 1.231313284857507746e-02
4.530000000000000249e+00 7.536969618651431224e-01 3.089835834741459526e-03 -7.996807128350979024e-03 -2.738186385590661298e-01 5.426463159550738713e-02 1.269557553231351332e-02
4.544999999999999929e+00 7.495216053875265461e-01 3.965282805732870709e-03 -7.803572202798080351e-03 -2.829302573263234866e-01 6.250262306213517915e-02 1.306731986837326998e-02
4.559999999999999609e+00 7.452079978175089048e-01 4.966150246647450632e-03 -7.604839743007784161e-03 -2.922531673916379247e-01 7.098775905848940526e-02 1.342862192255428293e-02
4.575000000000000178e+00 7.407529207809832039e-01 6.096163175089321443e-03 -7.400764522484217130e-03 -3.017940120988047981e-01 7.972241057242383799e-02 1.377972790116397360e-02
4.589999999999999858e+00 7.361530512252807412e-01 7.359081662196028002e-03 -7.191497717317567144e-03 -3.115601301949524893e-01 8.870887871027678673e-02 1.412087111857452358e-02
4.604999999999999538e+00 7.314049501410430087e-01 8.758699623186859753e-03 -6.977187112571970988e-03 -3.215596211294611262e-01 9.794935956520878229e-02 1.445226899869747790e-02
4.620000000000000107e+00 7.265050513980084723e-01 1.029884278898517136e-02 -6.757977378593483901e-03 -3.318014079455254284e-01 1.074459066059328255e-01 1.477412032112880927e-02
4.634999999999999787e+00 7.215628064088199789e-01 1.102906378771395177e-02 -6.677516610280480325e-03 -3.121339905969825468e-01 -1.453092913827269406e-01 -2.437209567761615056e-02
4.650000000000000355e+00 7.167415321000376593e-01 8.918555359901669116e-03 -7.040691360097411054e-03 -3.307440319288847963e-01 -1.359878677987512441e-01 -2.404805146753539666e-02
4.665000000000000036e+00 7.116392053075780710e-01 6.952555420607034464e-03 -7.398862470386857910e-03 -3.496101427014620677e-01 -1.260408985848929520e-01 -2.370486657805623981e-02
4.679999999999999716e+00 7.062518697962810732e-01 5.140474839858267912e-03 -7.751739058779627545e-03 -3.687479075601776124e-01 -1.154646287444852926e-01 -2.334201771883061965e-02
4.695000000000000284e+00 7.005753247336099498e-01 3.491783730597737730e-03 -8.099021452728215678e-03 -3.881744011501749858e-01 -1.042549108226964727e-01 -2.295885442556758541e-02
4.709999999999999964e+00 6.946051001823210225e-01 2.016017459571390648e-03 -8.440399203113950477e-03 -4.079084807210048291e-01 -9.240719031152865026e-02 -2.255458848470211566e-02
4.725000000000000533e+00 6.883364279735091351e-01 7.227827886293598878e-04 -8.775548935097784997e-03 -4.279711100063531282e-01 -7.991650293819714534e-02 -2.212828274380472873e-02
4.740000000000000213e+00 6.817642074648211370e-01 -3.782360359804744069e-04 -9.104132024038223692e-03 -4.483857180246458296e-01 -6.677748442782220628e-02 -2.167883890620189713e-02
4.754999999999999893e+00 6.748829656242807395e-01 -1.277271439538247774e-03 -9.425792077936253482e-03 -4.691785978254957579e-01 -5.298439361781060591e-02 -2.120498386120819520e-02
4.770000000000000462e+00 6.676868107929467833e-01 -1.964467129671636832e-03 -9.740152200747722450e-03 -4.903793517885119413e-01 -3.853115027556699990e-02 -2.070525404901031943e-02
4.785000000000000142e+00 6.601693793676617350e-01 -2.429873396934408014e-03 -1.004681200295848981e-02 -5.120213918972091882e-01 -2.341138965320761420e-02 -2.017797729691542946e-02
4.799999999999999822e+00 6.523237745031181811e-01 -2.663443377054707916e-03 -1.034534431679165825e-02 -5.341425055344041217e-01 -7.618536733731651363e-03 -1.962125148478313999e-02
4.815000000000000391e+00 6.441424957555917929e-01 -2.655030599667271198e-03 -1.063529156303351549e-02 -5.567854998628646301e-01 8.854095666965431863e-03 -1.903291929534465035e-02
4.830000000000000071e+00 6.356173583730884147e-01 -2.394388222205794028e-03 -1.091616170436188714e-02 -5.799989408810884983e-01 2.601317920215938384e-02 -1.841053817194922282e-02
4.844999999999999751e+00 6.267394006681910046e-01 -1.871170448376608536e-03 -1.118742370563266704e-02 -6.038380069490919544e-01 4.386520490991682036e-02 -1.775134443147294988e-02
4.860000000000000320e+00 6.174987775809506196e-01 -1.074936766855340590e-03 -1.144850240421345020e-02 -6.283654811580676736e-01 6.241627026685427071e-02 -1.705221025166643242e-02
4.875000000000000000e+00 6.078846381307235758e-01 4.840171880909997466e-06 -1.169877267202570729e-02 -6.536529126802661516e-01 8.167180435895979307e-02 -1.630959195179374974e-02
4.890000000000000568e+00 5.978849839517325071e-01 1.378761978544016265e-03 -1.193755272444133389e-02 -6.797819845167205610e-01 1.016362124200010375e-01 -1.551946759208969878e-02
4.905000000000000249e+00 5.874865054788849239e-01 3.057485859181327623e-03 -1.216409639785478308e-02 -7.068461343668240859e-01 1.223124146195472273e-01 -1.467726139987514562e-02
4.919999999999999929e+00 5.766743915637283502e-01 5.051698033413285459e-03 -1.237758417549209185e-02 -7.349524873269319691e-01 1.437012453186474747e-01 -1.377775184623061464e-02
4.935000000000000497e+00 5.654321073096331141e-01 7.372076818534150158e-03 -1.257711268694887245e-02 -7.642241746675776382e-01 1.658006671067266957e-01 -1.281495928854544351e-02
4.950000000000000178e+00 5.537411336531019579e-01 1.002924215885769334e-02 -1.276168233686403482e-02 -7.948031333036564838e-01 1.886047373964495621e-01 -1.178200787604385957e-02
4.964999999999999858e+00 5.415806606088933162e-01 1.303368728220496466e-02 -1.293018262697655414e-02 -8.268535073592887530e-01 2.121022421545893377e-01 -1.067095477323569928e-02
4.980000000000000426e+00 5.289272240202327335e-01 1.639568665174374190e-02 -1.308137461566818982e-02 -8.605658088204916067e-01 2.362748784307588112e-01 -9.472577518004701019e-03
4.995000000000000107e+00 5.157542729640034462e-01 2.012517227387275454e-02 -1.321386979964427055e-02 -8.961620418373007491e-01 2.610948201156020887e-01 -8.176107253802600630e-03
5.009999999999999787e+00 5.020316514338988290e-01 2.423156745725713393e-02 -1.332610448810722659e-02 -9.339020594096431038e-01 2.865214327306207509e-01 -6.768891293650793756e-03
5.025000000000000355e+00 4.877249732712494734e-01 2.872356289648818686e-02 -1.341630844896638669e-02 -9.740915083732042401e-01 3.124968020061885676e-01 -5.235962449079681683e-03
5.040000000000000036e+00 4.727948631291869486e-01 3.360881387058060193e-02 -1.348246620772739802e-02 -1.017091837850118807e+00 3.389395901429061442e-01 -3.559483978750748855e-03
5.054999999999999716e+00 4.571960279599383559e-01 3.889352845945159842e-02 -1.352226882531188355e-02 -1.063333010645699073e+00 3.657365049024001169e-01 -1.718026630050631344e-03
5.070000000000000284e+00 4.408761123187645570e-01 4.458190351092661263e-02 -1.353305320153322215e-02 -1.113329784481509099e+00 3.927303141756376959e-01 3.143838587295968729e-04
5.084999999999999964e+00 4.237742755232640768e-01 5.067534524595454504e-02 -1.351172483779758404e-02 -1.167702746090655497e+00 4.197027854585402284e-01 2.569537313879467766e-03
5.099999999999999645e+00 4.058194078543484462e-01 5.717138097314226203e-02 -1.345465838233563319e-02 -1.227205719621984992e+00 4.463500447611515876e-01 5.086756751013984078e-03
5.115000000000000213e+00 3.869278743727870284e-01 6.406212086026183417e-02 -1.335756791476688798e-02 -1.292761773707400641e+00 4.722464039155687132e-01 7.915254020215662517e-03
5.129999999999999893e+00 3.670006357735695612e-01 7.133205290731678416e-02 -1.321533539506919951e-02 -1.365510860550480654e+00 4.967902899532753991e-01 1.111741057548013348e-02
5.145000000000000462e+00 3.459195427719876648e-01 7.895483059388935798e-02 -1.302178034785607917e-02 -1.446873144544657874e+00 5.191217753538794888e-01 1.477342178661357648e-02
5.160000000000000142e+00 3.235425311937528137e-01 8.688850585593775600e-02 -1.276934561020514475e-02 -1.538633191485425877e+00 5.379939421016810552e-01 1.898798391147756004e-02
5.174999999999999822e+00 2.996973613312787221e-01 9.506830500131849271e-02 -1.244866112713586236e-02 -1.643050822229826347e+00 5.515671938236333949e-01 2.390008697693436421e-02
5.190000000000000391e+00 2.741734660062131734e-01 1.033954183253803782e-01 -1.204792761936327242e-02 -1.763002672919125713e+00 5.570712799853880792e-01 2.969758248164718756e-02
5.205000000000000071e+00 2.467114696041943223e-01 1.117191355815815856e-01 -1.155203051814156050e-02 -1.902148404449921060e+00 5.502334231581247348e-01 3.663910188371848065e-02
5.219999999999999751e+00 2.169902511321922800e-01 1.198075349551189217e-01 -1.094124743809579692e-02 -2.065078957031363682e+00 5.242809454691044202e-01 4.508704268930271292e-02
5.235000000000000320e+00 1.846127854800548862e-01 1.272978915132498834e-01 -1.018935098011950965e-02 -2.257285559214863291e+00 4.681523234037061054e-01 5.555579894379424760e-02
5.250000000000000000e+00 1.490967016784704169e-01 1.336103041407153136e-01 -9.260869824462168373e-03 -2.484413460434276022e+00 3.632320504594005461e-01 6.877444776430592654e-02
5.265000000000000568e+00 1.098907017153450960e-01 1.377945038064427030e-01 -8.107456199016229575e-03 -2.749092545357179063e+00 1.774935807670847687e-01 8.573187991217959270e-02
5.280000000000000249e+00 6.648535215497530793e-02 1.382634354374403518e-01 -6.664601977967719859e-03 -3.040137541139853017e+00 -1.436462055577188701e-01 1.075312442847731476e-01
5.294999999999999929e+00 1.882039322485730068e-02 1.323959795499412284e-01 -4.855705092679216822e-03 -3.300689490081123889e+00 -6.827416392379435095e-01 1.343579286011291340e-01
5.310000000000000497e+00 -3.156973031522614104e-02 1.163306680241950886e-01 -2.629024224767305667e-03 -3.362825353603793754e+00 -1.505275743259220755e+00 1.617637381854233058e-01
5.325000000000000178e+00 -7.968886372704947485e-02 8.648470563027046976e-02 -7.103115153235588187e-05 -2.959103556499205201e+00 -2.463570014279524489e+00 1.754306614729738423e-01
